32.666666666666664
66.0
76.0
52.666666666666664
53.0
57.0
89.33333333333333
64.0
36.333333333333336
64.0
48.0
58.0
63.333333333333336
63.666666666666664
77.33333333333333
59.0
55.666666666666664
67.0
39.333333333333336
62.666666666666664
64.0
47.0
68.66666666666667
88.33333333333333
59.333333333333336
51.333333333333336
71.0
77.66666666666667
53.333333333333336
77.66666666666667
54.666666666666664
69.0
43.333333333333336
66.66666666666667
71.33333333333333
53.333333333333336
62.0
69.33333333333333
65.66666666666667
37.666666666666664
69.0
44.333333333333336
57.333333333333336
66.0
62.0
63.333333333333336
69.33333333333333
62.0
62.333333333333336
55.0
65.66666666666667
77.66666666666667
51.0
58.666666666666664
78.33333333333333
76.66666666666667
45.0
63.0
39.666666666666664
36.333333333333336
55.0
65.0
77.0
73.0
69.33333333333333
75.66666666666667
65.0
64.66666666666667
66.0
49.333333333333336
60.285714285714285 63.94285714285714 60.01428571428571
